R = 6.28;
L = 0.00185;
Flux = 0.175;