R = 3.8750 ;
L = 0.00185;
Flux = 0.175;